MaterialCount: 1
Ambient: 0.000000 0.000000 0.000000
Diffuse: 1.000000 1.000000 1.000000
Specular: 0.500000 0.500000 0.500000
Power: 20.000000
DiffuseMapName: Samba_Dancing_Diffuse.png
SpecularMapName: None
NormalMapName: Samba_Dancing_Normal.png
